mz1 mz2
99 69
17 16
318 62
63 45
129 115
72 63
99 27
143 110
24 12
32 30
15 15
39 36
447 422
38 34
169 148
36 27
77 54
280 167
19 12
127 116
54 45
133 111
107 76
217 172
60 51
151 98
43 23
42 32
52 50
55 53
43 37
224 179
120 47
138 69
31 30
135 114
81 68
168 133
119 114
121 116
61 55
47 37
95 94
27 22
62 48
64 25
43 34
352 343
105 90
89 61
104 86
87 84
131 78
104 104
59 44
93 61
67 66
41 40
78 68
88 86
66 65
26 24
56 52
78 73
43 40
366 261
42 35
20 18
39 29
66 57
60 50
175 130
82 61
88 50
77 71
81 55
34 23
157 154
81 68
23 19
110 106
170 127
47 41
35 35
42 35
39 26
115 91
30 29
180 160
47 45
90 69
53 47
23 18
44 40
32 20
57 54
94 94
252 145
30 21
91 83
107 93
15 12
52 44
107 84
81 71
85 48
50 48
64 60
174 147
30 19
96 76
240 206
45 33
50 50
23 21
40 35
102 93
127 95
141 135
193 126
76 37
74 59
69 60
201 169
44 36
88 55
17 16
143 106
78 75
20 9
81 47
88 76
19 15
124 112
118 99
119 103
55 39
84 69
186 183
131 101
133 98
80 65
65 63
14 14
53 43
90 76
87 72
132 59
77 59
122 115
159 133
56 43
37 35
61 44
71 62
56 39
30 26
67 50
76 75
111 87
62 57
27 23
98 92
244 136
41 16
98 91
62 61
100 81
154 122
71 66
31 27
50 36
95 68
86 73
120 117
25 25
238 195
249 200
19 16
118 112
17 16
20 19
53 34
104 93
347 270
40 35
69 60
43 42
23 22
23 21
121 94
88 47
95 89
18 17
74 73
186 87
57 57
87 81
228 182
74 54
49 48
151 124
97 58
95 90
54 52
87 86
78 74
120 108
151 114
96 72
44 43
38 26
179 150
45 43
43 25
119 116
66 60
54 52
76 43
120 113
28 23
161 153
113 100
41 40
45 44
20 18
43 29
61 58
113 90
19 14
100 65
116 112
35 35
103 98
164 154
119 84
40 33
59 55
60 55
194 141
85 38
30 29
67 60
238 208
78 62
33 30
25 22
30 29
110 98
54 41
80 62
78 64
128 72
116 95
40 35
68 67
92 65
105 88
75 56
90 88
26 25
278 273
39 26
181 151
45 30
12 11
46 37
33 23
76 60
55 49
208 146
107 39
173 148
48 42
15 15
107 76
59 46
71 59
207 160
41 39
30 20
71 48
235 149
59 56
73 56
129 111
47 33
120 105
54 47
130 99
76 59
113 105
110 64
129 93
91 80
59 52
16 15
236 221
152 145
98 79
41 36
38 20
21 21
46 37
133 105
206 204
204 87
62 57
261 90
35 26
71 63
71 71
93 85
59 58
17 17
252 249
151 108
27 21
164 137
27 19
85 48
54 45
103 95
31 16
47 41
19 14
18 13
28 26
18 18
82 67
33 30
308 202
189 175
76 52
42 36
139 138
160 129
13 9
103 102
122 114
525 489
126 125
47 45
26 24
51 37
172 126
154 151
26 23
22 22
40 38
41 28
189 110
95 29
102 95
84 76
114 28
32 27
309 208
102 42
136 115
63 62
85 60
106 92
53 51
90 69
159 141
29 23
77 61
77 75
121 102
46 46
95 80
133 127
46 40
47 36
141 88
14 8
171 135
124 119
149 134
120 119
169 159
152 151
61 51
57 55
15 15
48 37
53 52
78 75
130 127
154 152
69 62
157 115
101 77
50 49
72 65
101 58
43 26
102 80
167 163
52 41
126 123
122 98
53 48
258 223
132 116
67 66
129 122
63 52
131 108
33 32
95 92
130 126
168 154
142 113
60 38
132 66
47 41
122 102
115 112
46 40
80 51
14 13
75 73
49 48
116 108
77 64
105 78
56 46
106 97
33 33
187 150
46 41
46 45
34 32
174 136
146 86
19 18
53 32
166 125
95 81
84 74
69 58
195 128
89 47
56 41
50 43
128 109
25 24
40 30
43 40
40 30
22 22
155 64
159 111
18 13
91 35
81 54
251 234
72 39
33 30
128 111
43 43
62 29
64 51
29 28
194 167
67 65
35 28
541 375
148 125
172 151
202 199
115 67
27 21
140 124
62 55
35 23
132 110
31 29
73 57
103 99
65 59
28 28
127 95
71 65
121 114
32 32
86 82
44 41
104 69
203 166
87 85
36 24
62 35
58 36
29 15
27 26
77 45
77 65
49 49
24 15
50 45
356 336
250 175
98 82
44 28
275 215
86 21
84 67
51 46
102 101
77 71
80 59
200 192
85 83
73 62
58 52
129 97
163 162
67 56
67 50
112 99
147 143
91 88
51 36
53 44
54 44
78 62
149 143
54 49
42 32
33 32
60 46
78 71
96 71
32 31
126 70
21 13
22 10
110 108
125 83
96 82
31 25
91 81
77 48
13 13
73 67
114 103
104 92
61 40
95 76
354 275
36 23
103 82
41 34
161 130
38 31
174 134
84 79
82 68
20 16
151 139
65 52
155 131
271 262
93 83
64 57
45 34
38 27
124 104
59 31
134 99
61 46
86 61
303 254
52 42
114 112
69 51
49 40
185 70
44 30
102 93
142 135
28 27
136 122
268 244
78 76
43 36
107 93
101 95
148 131
30 22
128 122
95 72
40 40
28 23
47 38
35 33
94 85
70 66
29 29
104 72
174 120
42 31
31 30
91 49
75 30
15 13
72 63
82 68
113 83
102 90
173 118
227 74
60 54
42 31
38 18
247 236
49 35
31 30
65 59
68 60
85 75
162 122
147 131
45 45
76 42
52 35
54 53
77 47
46 29
74 74
64 61
42 35
26 25
271 256
245 235
38 35
19 13
72 58
52 48
35 28
366 330
26 23
168 128
88 86
209 195
46 46
213 209
54 36
87 35
46 40
72 58
39 29
50 45
110 100
132 121
27 22
25 24
80 71
37 29
76 62
39 22
111 110
159 145
208 59
118 74
37 37
30 26
25 24
385 274
100 64
60 39
34 32
180 122
54 38
291 190
33 24
100 73
49 42
108 90
99 30
88 86
339 264
18 16
46 25
148 133
241 241
171 131
29 17
153 113
125 102
40 38
175 173
211 185
112 104
69 50
72 63
49 38
309 309
50 35
73 69
29 29
48 43
27 26
92 83
39 38
43 33
145 144
43 31
15 14
52 48
63 28
28 20
118 102
28 23
261 181
45 24
83 80
31 25
60 58
26 26
228 187
25 25
106 77
58 55
59 45
106 98
45 38
109 92
323 249
41 18
81 68
12 10
59 52
47 45
66 33
70 55
125 120
64 58
42 42
125 109
112 87
12 8
103 86
33 32
66 56
40 37
83 68
13 12
26 24
22 22
104 84
141 137
103 96
38 30
120 74
13 11
61 57
79 21
68 61
293 279
173 149
63 19
72 69
71 65
69 61
41 26
140 126
52 51
43 36
131 127
132 125
36 33
22 17
114 76
65 57
22 19
93 67
60 55
105 77
72 66
25 17
24 11
56 52
361 323
24 18
161 115
483 283
23 23
28 21
122 59
70 63
226 210
39 36
48 43
143 125
220 195
48 46
84 72
141 116
78 64
160 120
75 61
293 206
46 40
19 15
85 65
88 72
47 27
279 228
120 99
56 51
65 61
86 74
77 75
129 123
404 318
144 137
168 157
212 162
46 42
167 132
118 108
182 158
93 88
197 166
40 34
108 78
21 20
232 226
30 28
37 24
96 89
105 90
95 77
54 26
82 76
130 107
16 16
251 171
220 38
55 51
58 44
320 299
46 41
37 37
256 215
94 60
24 21
84 67
127 81
206 162
19 14
57 33
107 105
102 87
38 32
191 107
65 62
89 76
75 47
17 16
22 21
99 98
262 210
108 96
113 68
59 51
158 113
173 156
256 216
66 62
23 22
63 48
103 63
58 54
83 79
105 105
101 77
34 31
93 81
87 66
173 134
35 35
87 78
49 25
20 20
52 38
41 37
209 192
35 34
56 27
30 28
68 56
132 116
107 96
67 59
31 22
128 123
35 27
54 52
125 118
70 60
25 17
55 44
235 226
26 25
41 31
44 43
53 49
133 123
197 140
190 161
132 96
251 241
125 118
342 240
73 42
31 22
97 92
63 47
31 29
235 209
40 24
24 24
176 94
39 27
48 46
251 224
62 57
82 80
35 33
224 175
93 87
33 25
156 65
195 120
50 48
84 80
108 62
11 10
226 141
35 30
167 133
49 49
21 21
82 46
23 20
92 74
91 75
333 331
48 41
86 84
315 244
80 34
126 116
152 151
106 95
268 54
23 19
58 40
58 51
21 14
20 17
47 38
91 41
72 64
77 46
45 43
63 43
47 43
44 42
233 228
23 15
61 40
204 190
118 116
37 36
267 226
42 39
247 243
56 36
58 53
37 34
65 51
131 94
21 21
136 113
108 58
76 71
28 25
79 61
122 58
51 40
65 56
18 18
50 18
296 167
50 43
142 61
125 98
46 44
38 34
416 215
157 119
74 69
83 82
98 82
43 25
49 34
195 80
127 122
40 28
59 58
65 26
36 32
99 91
126 110
70 68
92 84
186 59
64 42
88 43
87 41
97 81
50 46
123 90
82 68
101 71
191 154
48 48
134 134
48 41
13 12
23 10
56 53
192 134
119 115
24 24
19 17
30 28
56 41
38 29
188 173
112 89
46 41
116 78
64 64
22 21
58 54
42 37
54 35
45 30
70 66
84 73
183 175
38 23
68 47
62 58
344 302
417 383
159 121
157 144
56 53
122 80
132 127
93 77
22 20
46 43
46 20
151 83
65 62
284 243
182 147
61 59
76 73
179 146
96 92
272 196
26 23
64 52
86 60
105 101
10 10
62 58
14 13
271 254
86 83
304 292
65 52
270 218
279 250
20 14
69 50
65 51
32 22
61 58
64 41
61 57
157 112
91 78
53 52
137 113
138 124
84 66
16 16
54 50
54 54
155 78
44 31
133 67
86 80
453 248
31 30
114 109
57 26
55 53
42 37
16 14
151 135
175 109
12 12
73 58
123 123
22 22
103 94
119 98
87 69
196 147
49 43
64 58
175 160
16 13
38 37
174 152
141 141
72 68
80 79
35 26
24 24
38 38
34 28
56 44
233 149
72 66
82 77
99 96
127 124
28 20
65 55
121 97
331 240
46 45
80 54
220 138
64 44
32 26
111 91
91 64
140 103
31 29
75 59
64 52
29 22
123 112
111 111
45 45
159 136
109 86
46 46
115 89
43 34
132 101
145 117
109 66
328 223
81 69
62 59
132 106
96 65
100 93
76 60
53 51
41 30
77 38
40 40
94 51
42 41
82 70
189 145
155 109
223 211
89 48
144 97
136 108
91 72
49 21
92 40
29 25
108 66
149 100
105 77
54 40
26 25
36 32
46 26
182 135
27 17
58 54
73 60
88 77
101 91
74 55
91 76
468 340
95 85
35 30
36 36
48 39
157 143
83 68
47 45
57 54
80 67
49 43
95 54
89 85
63 39
123 108
48 44
84 65
64 47
244 141
154 154
72 71
30 29
82 68
131 117
79 70
110 103
31 17
44 44
17 15
65 56
99 82
60 49
77 71
18 17
44 11
57 42
159 66
346 262
45 45
69 55
28 26
50 39
84 52
28 28
51 50
338 263
109 108
42 41
69 49
23 22
110 87
15 13
86 84
65 55
32 27
183 178
34 14
332 328
137 115
36 28
39 36
50 45
171 108
20 19
78 57
72 70
20 17
59 46
255 178
95 62
74 57
124 108
185 134
107 90
62 57
43 38
415 303
192 188
135 120
42 38
431 378
65 61
20 17
141 97
90 47
37 36
72 42
64 60
26 18
122 119
141 141
48 48
31 30
147 110
355 317
30 23
66 46
55 48
85 50
33 23
234 154
68 54
22 20
76 66
70 26
65 54
22 14
54 27
44 42
102 86
110 67
95 52
89 83
47 41
151 149
90 89
109 77
103 87
153 93
84 81
117 70
217 167
126 94
26 22
233 178
73 41
119 102
75 29
52 42
36 26
73 71
128 125
143 121
247 200
121 115
529 420
44 33
127 107
68 52
37 33
105 97
73 54
48 46
112 104
107 95
70 57
79 57
40 37
57 53
91 40
51 49
155 113
243 171
113 26
36 34
92 52
33 33
114 91
221 159
72 72
42 26
65 56
74 62
91 54
88 74
50 36
67 52
119 106
98 78
65 61
26 25
49 23
38 37
68 47
66 32
22 22
160 158
144 139
18 17
162 143
22 21
26 24
56 39
63 42
194 147
47 46
102 84
33 31
244 206
60 28
98 81
75 66
141 121
116 71
23 15
84 74
106 98
202 182
79 74
87 53
59 42
96 60
99 98
59 52
66 47
108 77
51 45
222 82
162 161
207 192
64 43
94 80
181 176
32 31
82 79
32 18
132 112
16 16
115 110
50 42
101 93
137 109
103 87
67 44
142 139
118 114
95 70
57 28
73 73
154 149
35 23
128 80
152 152
77 60
46 18
130 119
43 36
73 38
32 26
97 83
77 74
277 275
55 48
107 76
21 13
154 125
165 118
31 20
55 53
60 31
26 18
49 42
239 136
93 88
74 69
79 71
59 59
54 51
88 51
91 58
53 52
136 128
28 27
121 96
262 245
168 145
228 220
33 31
74 71
132 127
23 22
138 106
14 12
191 165
60 53
47 41
38 37
39 26
97 89
104 80
391 293
156 135
54 47
167 112
292 61
48 38
59 46
75 64
35 32
42 40
96 85
47 34
65 49
188 142
53 37
54 51
67 66
143 123
69 65
132 120
156 150
26 26
42 42
61 47
45 35
235 209
57 51
26 25
48 43
36 23
423 302
184 110
78 58
55 48
68 44
128 126
55 38
156 133
99 67
23 21
140 115
25 17
116 62
46 40
17 17
220 124
113 75
155 37
50 48
55 34
25 22
168 163
38 34
59 30
55 46
96 85
49 26
58 34
53 50
51 41
223 216
31 28
44 38
323 234
55 41
98 97
176 122
39 37
118 86
32 25
39 31
63 30
52 48
44 40
186 100
28 8
10 8
20 12
45 45
57 14
28 21
64 57
90 47
96 87
176 163
60 48
70 64
93 70
23 22
83 82
114 112
42 38
133 124
31 30
67 66
235 163
95 76
75 67
69 55
131 86
109 36
35 20
136 136
148 115
165 73
84 72
140 120
95 73
81 62
288 236
67 61
164 162
25 22
73 71
190 106
56 52
89 78
162 123
29 25
298 200
113 93
85 64
129 125
61 53
129 79
340 278
43 34
55 49
163 116
121 121
51 45
24 23
191 173
208 174
299 248
62 49
47 39
29 29
111 65
66 49
47 23
75 70
28 27
104 59
98 88
31 29
75 74
147 116
49 44
24 20
57 54
61 51
57 29
122 98
33 25
122 104
114 111
183 178
131 100
36 28
74 45
49 28
57 37
97 92
344 217
25 25
62 59
69 57
30 21
48 45
33 28
51 45
157 127
63 50
116 87
95 79
39 38
75 61
25 20
101 80
317 300
28 27
37 30
54 49
25 24
165 146
136 110
73 64
554 391
226 208
27 27
53 45
93 73
175 119
86 77
72 70
60 51
30 30
197 151
145 135
58 51
182 80
139 130
53 30
284 246
46 44
137 49
98 76
104 88
68 52
166 150
154 136
122 94
70 33
112 97
88 14
32 12
35 24
54 48
150 127
110 99
307 287
93 82
26 24
52 43
133 94
100 77
225 212
204 185
40 28
66 52
127 63
180 106
107 22
35 33
584 480
24 21
95 81
51 44
137 125
32 31
41 27
65 64
175 135
100 97
39 37
58 52
23 23
67 48
72 63
466 456
21 19
49 42
28 28
63 56
135 122
49 27
86 55
60 53
188 170
31 28
48 48
85 63
286 238
51 50
29 28
88 56
90 82
77 71
23 18
271 194
20 15
61 58
136 133
66 64
90 76
76 60
99 86
61 51
30 27
16 7
67 27
64 54
112 89
114 91
246 195
159 152
92 52
284 226
86 72
49 48
254 220
44 42
84 50
27 23
117 102
102 77
257 250
129 118
28 25
119 93
64 56
203 201
12 11
114 105
64 14
62 20
206 140
111 85
334 265
110 107
29 25
24 18
27 25
25 23
52 47
48 41
123 81
50 50
98 79
62 37
73 69
98 95
51 43
41 35
30 22
70 33
193 171
44 42
83 56
32 29
60 50
85 75
18 18
66 62
32 28
25 18
36 26
81 30
29 18
101 61
48 39
64 43
66 64
60 58
159 150
281 225
29 28
65 58
129 113
35 32
67 59
266 260
42 35
46 38
243 198
143 100
76 68
92 56
249 232
84 55
58 45
96 41
77 57
149 144
109 40
103 89
77 59
42 31
66 52
34 33
352 334
90 79
311 259
156 142
99 93
68 68
59 57
281 241
43 40
46 45
34 30
59 46
92 77
175 155
20 18
186 124
137 117
70 37
16 12
45 40
100 88
61 56
108 79
32 24
126 118
103 84
239 220
31 28
51 47
108 77
47 46
66 29
78 76
52 40
31 28
42 35
261 251
55 52
55 47
121 101
118 86
377 220
101 74
19 17
70 36
50 46
155 134
87 56
29 21
67 65
102 86
22 22
18 17
42 35
95 86
119 104
76 57
48 20
182 173
72 38
23 23
62 54
56 52
161 149
34 23
97 80
113 63
90 77
151 98
175 160
42 40
26 25
100 97
61 45
89 48
41 33
58 54
51 50
107 68
103 33
188 172
78 78
32 22
95 80
284 208
36 14
104 81
43 37
24 16
79 62
185 153
38 31
46 34
79 72
117 40
58 54
30 30
54 45
55 39
60 47
174 146
178 105
35 25
140 138
178 124
114 35
323 270
34 18
161 124
23 20
148 126
50 42
65 56
50 47
30 28
71 38
145 130
57 51
99 85
222 113
77 72
76 75
114 109
33 31
138 110
164 157
179 141
74 57
63 55
34 31
66 66
30 28
76 31
77 72
124 110
128 67
56 52
41 38
34 30
36 31
123 119
45 36
43 27
89 85
89 71
100 95
66 59
50 47
202 133
42 32
64 61
44 44
47 38
119 89
44 41
67 52
61 20
102 78
19 14
116 91
125 102
78 56
68 61
174 80
48 43
44 41
122 85
10 10
54 45
130 89
46 32
40 31
64 31
52 43
14 14
27 25
111 95
35 22
73 64
38 29
49 23
117 84
86 61
140 107
66 44
59 58
39 39
201 171
219 191
170 157
80 74
29 28
46 45
74 65
88 85
51 50
52 50
102 102
75 56
36 24
136 103
47 28
98 76
63 56
305 286
290 281
105 101
115 114
66 56
147 101
157 109
83 72
122 119
82 80
39 29
108 104
123 115
70 41
34 22
164 146
78 77
34 31
58 46
44 43
104 29
67 66
41 40
36 28
144 101
32 30
30 25
26 24
83 78
58 55
104 78
114 42
156 121
216 129
85 80
27 26
98 76
152 124
74 69
165 164
154 130
129 115
159 114
109 99
203 167
101 95
45 43
172 157
75 64
41 39
158 124
79 69
209 141
30 29
53 24
49 46
44 38
44 42
156 152
44 44
27 21
89 77
98 85
34 33
86 85
69 28
265 198
35 25
259 175
51 50
73 68
234 167
260 215
334 231
45 41
33 26
22 21
55 41
80 64
82 77
68 30
83 81
15 11
50 48
40 33
37 34
71 69
110 99
424 309
86 34
93 93
120 83
109 94
275 258
25 23
96 46
124 106
183 170
263 173
135 128
29 22
93 84
34 34
191 166
175 171
104 103
42 27
36 35
65 47
27 26
39 21
57 41
53 53
146 137
44 41
61 61
251 185
85 77
115 98
279 105
49 44
135 108
153 112
138 70
24 23
49 47
79 60
224 214
72 53
124 105
168 160
13 12
44 42
33 28
32 17
151 126
30 26
94 93
99 73
67 57
139 121
50 49
112 77
29 16
110 106
78 74
85 84
62 20
77 58
44 37
109 102
46 42
47 28
75 44
48 38
30 26
85 76
102 91
133 99
33 24
80 64
111 84
43 41
35 28
36 25
86 81
234 230
89 36
61 28
139 109
46 33
93 72
35 33
83 73
106 94
113 81
38 34
98 92
34 28
43 33
100 88
65 52
19 19
44 33
85 67
28 23
48 45
289 285
47 34
116 101
34 23
97 64
19 19
66 35
67 53
137 68
120 85
55 30
177 155
146 132
189 173
305 226
257 180
63 52
97 92
30 29
54 46
14 14
23 20
35 34
38 33
31 21
201 201
186 140
30 30
148 133
154 114
81 72
98 88
151 101
34 29
111 100
63 45
103 79
366 307
79 64
248 216
34 22
18 18
63 37
75 61
72 71
89 66
150 126
23 18
291 272
64 61
143 123
28 25
24 23
191 143
210 166
34 33
51 51
47 19
21 13
48 48
31 29
100 94
64 59
21 20
79 54
60 39
115 114
137 69
86 69
57 53
163 123
608 509
63 38
72 68
45 43
188 77
58 58
64 58
159 61
23 21
67 41
59 52
53 50
103 95
53 31
41 28
42 37
15 12
97 81
130 116
26 24
112 103
119 108
167 149
42 36
66 61
44 42
58 45
38 36
205 200
96 72
185 135
66 62
35 35
26 22
197 175
27 21
36 21
77 72
66 57
110 91
44 42
71 34
47 29
36 29
216 208
142 52
39 28
278 272
66 50
57 29
56 51
76 69
25 21
350 307
195 191
51 47
38 37
477 468
254 154
53 43
45 33
63 61
230 161
87 86
52 51
26 24
100 71
56 55
19 15
161 136
35 33
66 49
381 268
36 35
288 237
108 104
48 36
141 74
59 50
56 52
89 31
122 118
39 33
13 12
16 14
112 112
166 150
75 74
113 103
40 24
66 63
34 30
90 71
28 24
29 25
71 61
44 42
27 26
31 31
255 174
76 62
28 27
68 61
71 57
26 20
21 20
400 337
86 58
55 43
30 21
49 37
41 40
63 60
86 66
20 20
45 44
63 57
44 42
38 33
110 78
94 87
141 88
462 413
263 204
280 268
142 98
69 36
63 27
27 18
42 36
79 75
57 42
31 19
33 21
27 18
71 54
66 26
34 24
24 22
29 29
145 113
129 108
156 85
35 30
51 51
79 75
199 180
127 93
96 70
460 315
263 236
70 35
248 233
301 161
154 110
143 132
306 259
124 114
26 24
447 376
81 67
53 40
88 85
64 48
14 13
57 50
119 105
64 60
154 114
43 36
164 124
68 47
192 89
39 38
64 52
7 6
84 74
48 38
66 58
92 49
139 108
52 41
38 31
64 48
156 153
132 131
18 17
95 75
62 44
38 28
33 32
40 25
151 62
17 17
60 49
83 74
54 46
212 185
62 39
34 29
63 46
14 10
69 36
43 30
56 48
20 19
28 21
159 148
193 143
183 177
26 25
33 32
119 84
59 40
103 47
174 46
49 45
79 74
18 12
25 20
100 82
203 171
151 117
47 45
103 87
33 17
58 31
197 147
59 39
92 83
194 174
98 83
99 93
64 48
33 31
201 143
77 73
55 55
572 558
40 36
25 24
117 116
168 121
52 50
81 37
131 125
71 64
22 17
22 17
58 57
51 28
126 89
59 52
34 33
18 17
301 240
84 82
121 107
80 63
276 275
65 49
31 28
76 64
97 83
74 73
45 42
129 106
158 155
62 46
23 22
62 57
58 56
46 46
13 13
62 62
41 38
36 26
113 89
22 18
49 40
74 72
142 98
102 91
58 58
48 39
109 106
207 170
22 21
124 120
170 167
174 173
36 30
84 81
361 150
143 142
45 29
181 141
63 52
67 51
155 138
95 87
62 57
63 39
48 32
44 42
120 80
145 123
51 47
18 17
216 201
88 87
105 75
37 28
48 44
28 22
70 65
171 152
140 124
36 35
293 248
122 92
71 57
604 554
20 19
21 15
117 85
187 175
32 30
169 124
98 91
86 80
88 79
220 218
157 82
160 138
23 20
71 61
26 17
63 57
25 25
71 69
274 225
49 39
14 14
49 44
25 18
55 40
34 24
28 25
116 98
42 28
234 173
27 26
190 180
110 98
209 192
157 154
28 22
58 49
315 211
192 78
108 107
112 91
43 18
70 68
62 56
166 159
102 99
46 45
153 147
203 195
45 42
128 83
54 52
28 28
22 20
41 41
61 55
29 29
40 30
27 26
159 141
664 617
117 115
70 69
132 124
14 13
119 111
57 30
22 22
64 51
205 142
54 47
34 29
18 17
138 132
193 192
105 101
59 50
123 99
190 155
42 27
25 23
26 17
30 21
21 20
68 66
114 102
56 47
131 103
59 50
148 141
73 71
67 60
84 56
29 29
33 14
80 62
14 14
127 112
91 61
43 42
262 192
68 57
26 24
42 37
281 278
95 90
34 24
172 160
81 76
36 30
71 59
108 66
40 36
97 88
110 90
85 67
113 107
29 20
269 230
78 48
94 80
49 45
34 29
27 24
28 28
158 135
67 66
155 148
99 92
52 36
16 15
124 118
192 144
49 39
107 81
30 26
43 32
287 233
152 143
62 55
45 37
53 37
112 96
92 88
33 24
154 133
128 108
220 169
111 108
88 85
35 35
85 33
53 42
103 46
43 25
121 120
64 51
82 73
89 81
33 32
37 35
123 102
26 20
17 13
71 66
61 15
89 73
36 33
94 54
91 86
168 161
74 72
59 59
150 114
44 41
150 112
37 36
27 25
78 77
35 34
27 25
132 128
129 88
169 156
241 230
142 124
59 39
242 190
59 40
253 173
82 58
156 63
94 50
75 70
53 49
76 75
82 47
45 43
16 12
188 142
79 59
193 171
17 16
21 17
64 44
38 32
49 42
60 48
33 30
82 44
124 103
27 10
135 84
94 70
44 34
73 11
58 51
80 80
124 117
61 35
33 33
23 22
86 65
75 68
89 55
42 39
134 118
54 50
94 72
15 14
48 20
98 60
149 58
46 31
74 58
40 31
90 68
61 56
154 136
45 42
164 135
145 136
145 78
140 127
108 74
257 203
53 50
140 51
28 26
33 15
55 48
94 85
83 78
43 31
56 20
73 40
88 69
88 63
132 126
53 37
27 26
97 31
40 38
157 40
37 32
26 26
57 50
83 59
289 178
66 51
329 276
23 20
49 38
86 82
66 62
59 56
196 195
24 23
24 24
89 76
51 50
161 157
66 48
45 35
40 34
23 23
346 318
45 37
18 17
42 33
114 111
97 79
26 25
136 118
106 106
26 24
98 83
31 28
53 49
283 202
94 73
72 46
70 63
170 147
89 86
29 22
91 71
39 28
233 177
56 53
54 50
208 194
71 65
27 17
53 52
50 50
135 135
91 88
27 21
126 87
160 140
50 47
69 62
63 56
36 27
62 57
134 118
183 135
65 55
41 33
38 36
40 24
136 82
29 24
215 117
132 106
155 100
13 13
40 40
161 158
48 42
116 105
163 126
317 267
72 55
27 18
37 36
26 23
52 44
64 47
79 50
69 31
69 32
44 41
20 17
125 112
34 28
63 62
89 78
59 54
49 35
52 45
168 160
67 64
60 52
42 34
97 89
117 115
91 81
135 120
37 29
80 76
64 62
113 97
131 115
32 32
32 30
67 53
19 19
71 62
30 27
96 81
128 109
25 24
44 32
48 24
35 26
139 132
32 25
73 68
116 73
61 56
41 39
119 117
134 108
32 25
77 66
87 87
55 55
208 56
60 56
196 140
38 38
96 86
96 96
190 172
109 80
98 79
49 38
104 102
22 22
60 48
95 87
61 38
31 31
47 45
127 126
119 102
199 190
43 40
68 46
36 27
28 27
27 24
44 35
121 118
48 47
178 174
139 107
86 86
21 14
80 69
179 151
96 86
160 143
38 36
202 144
40 39
44 39
46 37
56 49
95 94
70 50
102 94
176 94
69 61
212 191
33 25
67 45
104 82
55 50
193 108
95 80
157 147
186 166
241 181
89 72
234 126
154 112
43 34
155 135
44 43
70 61
167 122
60 59
118 115
81 41
49 32
25 17
138 132
22 21
53 43
110 97
112 108
69 64
42 19
239 195
186 178
83 82
72 61
146 110
162 147
50 39
23 23
116 103
76 65
166 116
41 39
131 113
127 104
54 41
55 34
38 29
32 30
79 41
93 92
190 141
82 68
52 49
45 40
55 42
21 21
78 58
79 60
84 81
111 105
68 46
46 40
197 169
102 85
43 28
237 66
172 166
64 63
37 27
59 57
76 63
137 121
69 52
168 92
28 27
43 28
96 80
23 22
445 380
78 65
162 152
26 18
13 13
161 142
42 38
148 119
145 143
67 57
52 51
197 176
48 41
132 100
82 82
40 39
43 36
58 51
32 30
176 36
34 32
27 26
73 66
128 119
418 345
108 79
44 37
78 74
22 17
196 163
100 85
38 28
152 104
311 205
41 37
139 124
93 85
85 79
73 50
33 31
378 377
21 19
24 22
18 17
63 53
37 34
29 20
45 42
241 163
119 105
76 62
54 26
45 28
127 116
20 20
66 61
31 30
88 74
111 93
20 17
54 54
42 21
59 52
77 63
92 71
60 45
111 100
53 46
112 81
87 83
128 124
154 117
170 151
70 68
32 15
57 53
51 33
36 25
32 31
96 75
101 88
123 118
194 188
41 41
25 24
57 49
89 58
101 82
166 153
20 13
35 25
67 54
117 77
47 44
46 46
223 166
57 57
71 54
75 50
49 44
140 103
22 21
18 16
150 103
48 18
33 33
79 79
171 138
242 203
58 43
12 11
43 42
238 176
32 28
72 69
58 51
56 49
346 248
62 58
58 53
175 168
97 85
278 217
65 55
43 34
110 90
197 195
251 240
40 34
133 113
60 58
111 97
148 89
142 120
46 39
178 116
121 104
71 50
45 33
73 56
34 34
66 63
35 33
144 129
154 130
18 16
51 48
180 125
38 23
57 45
42 13
214 156
72 56
217 66
14 12
184 154
23 9
41 41
83 80
28 18
127 122
112 108
161 130
65 18
63 62
72 63
25 15
225 81
121 119
39 37
43 23
38 30
125 113
112 45
29 24
98 80
99 86
44 40
62 60
192 180
29 28
50 35
23 19
38 31
142 88
106 105
65 45
23 21
36 27
72 50
135 129
95 81
46 35
29 20
45 38
33 25
30 29
55 52
31 29
51 41
101 81
27 25
43 28
124 96
93 67
44 34
44 35
129 122
266 114
73 61
117 89
55 42
153 130
135 123
47 45
109 73
73 71
165 160
83 81
95 63
66 63
81 77
49 40
484 379
109 86
38 37
52 35
89 83
57 47
24 23
74 54
91 76
52 26
65 53
177 149
71 57
113 81
188 156
117 93
190 154
112 68
79 79
88 61
24 22
25 24
89 70
245 231
100 96
35 27
123 116
127 100
82 71
25 25
58 52
91 66
47 44
40 35
42 28
165 142
26 18
291 286
287 184
78 46
50 33
67 61
163 107
84 78
133 125
79 72
49 46
100 87
35 32
92 69
216 207
290 174
123 96
116 93
45 44
265 214
58 52
31 17
127 84
151 106
126 66
46 28
261 167
38 33
131 109
72 65
77 68
34 32
110 92
53 38
92 66
17 14
46 43
83 59
31 24
93 84
63 30
42 25
116 88
57 56
102 85
89 53
214 159
76 59
119 118
48 42
99 89
77 75
60 60
137 126
75 72
70 65
30 22
109 85
64 62
28 22
93 81
121 118
74 73
33 31
21 20
50 43
49 48
142 105
45 36
46 41
60 57
117 96
155 127
211 206
58 40
26 25
94 77
132 121
55 36
110 103
60 58
110 53
176 126
47 32
79 60
39 18
55 41
50 49
20 20
74 68
140 96
44 42
30 27
68 68
135 101
44 42
184 168
96 87
492 477
298 258
61 53
49 42
35 32
76 55
159 127
131 112
83 78
21 20
85 75
104 87
124 93
112 96
51 50
43 33
97 71
162 158
63 54
355 338
194 179
101 28
23 23
81 53
169 113
50 38
194 46
52 51
63 31
42 34
61 53
52 51
74 74
35 22
70 68
108 100
80 70
100 77
63 63
47 41
31 25
94 93
45 38
24 24
113 96
34 28
36 25
363 338
83 74
83 23
86 63
273 268
196 135
143 141
27 26
29 29
105 38
37 32
239 231
38 37
45 18
37 24
270 175
119 85
57 49
51 36
38 31
26 23
84 79
51 44
153 136
137 103
48 41
153 134
49 37
25 25
110 98
156 121
101 76
175 169
145 139
66 52
23 21
147 142
113 73
40 25
94 65
78 51
353 312
294 224
106 96
114 93
67 62
159 142
23 17
82 80
76 63
26 14
28 28
50 31
54 23
265 215
50 47
81 79
67 62
82 52
32 24
132 65
29 18
35 25
85 65
330 321
111 98
49 44
77 68
201 160
51 44
55 48
183 135
55 47
357 266
26 23
77 74
184 172
45 39
56 47
31 21
193 159
20 20
29 28
43 26
68 67
142 116
24 21
81 64
124 90
36 18
44 43
52 46
33 33
59 21
92 91
94 90
99 66
34 20
68 62
55 55
149 148
100 84
141 117
102 99
32 27
107 58
132 106
49 49
53 51
153 151
60 42
18 17
93 91
31 27
125 118
253 201
16 14
91 90
39 35
84 82
36 33
157 145
19 19
69 64
114 91
58 45
85 78
68 66
77 75
55 43
113 42
18 18
92 77
39 36
75 40
95 41
17 17
455 449
102 94
121 100
103 92
29 27
124 104
67 54
45 43
45 42
82 78
72 63
53 20
82 79
156 150
128 124
47 24
68 56
40 38
120 115
41 40
162 152
16 15
103 102
173 156
111 32
49 44
225 222
117 95
77 63
57 49
38 36
88 72
145 119
40 32
75 72
81 75
158 135
61 42
101 83
20 13
149 139
166 158
170 146
37 37
66 64
43 33
261 194
75 56
46 41
54 52
56 44
102 95
74 62
26 24
50 35
98 91
56 56
165 133
60 58
156 139
69 60
75 74
144 131
95 68
77 76
53 48
128 79
90 30
305 281
96 93
80 56
62 47
61 52
107 76
25 21
72 43
202 196
59 40
67 40
224 192
27 26
34 25
42 20
71 68
17 17
157 89
189 188
196 192
11 8
47 45
43 37
115 109
256 235
22 21
184 161
75 74
53 32
47 41
45 31
76 58
128 101
124 119
69 62
114 100
59 57
84 23
289 59
52 50
78 74
34 29
52 49
79 47
136 117
62 42
120 115
244 164
51 32
126 125
26 25
44 41
75 73
169 149
26 18
166 150
23 14
106 106
95 76
44 37
100 70
67 46
120 112
38 38
67 60
63 54
75 57
87 76
73 25
139 97
90 83
46 46
118 73
142 76
44 31
83 45
40 40
32 25
106 100
43 29
27 27
96 89
256 194
98 81
84 68
86 61
193 150
284 206
59 54
79 18
63 54
49 33
65 65
57 53
60 46
69 65
159 121
62 41
77 58
87 69
47 25
17 15
40 26
105 96
63 55
93 88
44 37
116 99
69 48
87 61
157 93
97 80
219 145
26 23
44 32
141 131
117 110
472 444
88 80
156 154
41 37
120 105
102 91
88 59
29 29
50 49
86 73
53 42
42 39
162 148
95 76
20 19
156 112
141 50
175 140
88 71
247 203
55 45
174 148
38 37
38 34
47 46
135 129
21 21
65 48
84 62
43 42
64 46
20 19
152 131
40 39
40 36
114 108
40 37
220 193
14 9
19 17
78 58
77 70
17 14
154 101
97 63
123 117
105 95
122 107
17 15
85 69
174 151
43 30
60 31
90 47
203 142
144 133
106 73
150 115
126 99
106 83
102 79
138 126
183 175
104 97
34 33
74 62
42 39
96 79
197 127
89 75
60 59
106 81
20 15
354 341
203 159
22 21
37 32
46 32
120 87
37 18
32 30
72 58
50 46
213 145
87 49
119 101
54 32
58 57
117 101
132 105
41 37
114 96
170 122
164 130
14 13
111 38
47 45
67 67
53 45
66 53
37 34
110 90
39 29
175 138
103 80
108 89
80 58
40 36
71 57
60 53
77 39
91 90
93 92
99 96
49 36
70 67
77 47
160 143
74 68
177 168
48 46
25 23
63 60
36 36
30 30
106 89
55 39
22 22
115 95
40 32
27 26
37 34
36 35
42 32
135 107
17 16
339 277
36 28
245 241
106 103
460 391
52 34
124 102
64 60
128 126
27 18
159 99
85 68
79 75
58 46
72 50
131 89
18 15
118 102
23 23
50 46
51 49
26 25
68 55
203 162
25 25
35 19
54 54
105 76
41 30
34 29
303 176
170 166
217 124
524 461
146 72
107 93
138 100
83 79
82 39
44 38
125 101
85 65
64 58
178 107
93 67
23 19
56 44
87 69
89 71
133 55
24 24
51 49
18 18
18 12
135 120
58 20
102 94
57 53
185 145
104 94
289 281
136 78
61 35
163 100
45 35
88 79
172 115
123 111
77 49
34 17
112 102
28 27
335 319
280 277
34 32
82 72
75 70
370 234
150 63
58 40
29 23
121 112
157 153
89 83
51 50
67 55
41 41
166 160
285 144
79 75
43 41
98 88
60 60
40 37
41 30
81 57
41 19
148 138
58 48
17 14
87 57
61 58
62 51
22 22
14 14
27 25
118 98
20 19
46 36
116 93
207 166
475 369
28 23
42 22
74 32
58 32
138 123
54 54
220 204
146 121
21 14
20 20
148 115
24 23
59 53
224 184
28 27
91 58
46 42
71 67
121 103
77 70
172 143
32 27
30 30
17 13
68 52
216 180
60 51
85 72
161 156
51 50
135 81
89 79
86 79
188 125
32 30
136 110
96 87
192 133
247 232
66 46
41 38
35 35
65 45
64 26
74 69
43 26
209 89
166 162
31 28
138 108
62 49
20 20
138 111
186 140
104 63
36 35
106 96
107 101
65 61
59 51
170 139
193 166
149 144
23 22
109 78
66 58
39 26
35 25
75 56
35 35
86 62
29 21
171 166
93 43
45 43
24 21
65 53
60 34
20 18
68 47
94 81
20 20
39 18
45 43
85 57
190 149
33 27
14 14
44 37
54 53
165 161
121 90
253 171
68 33
51 41
34 23
68 66
57 55
135 124
97 74
148 118
64 44
48 46
98 83
24 22
57 54
214 156
70 66
100 71
91 34
42 39
18 17
176 167
29 20
49 44
40 39
20 19
259 197
61 29
122 86
156 118
126 103
82 78
141 124
34 31
135 73
88 78
39 32
43 37
97 84
67 34
72 55
56 40
63 38
83 82
20 19
38 30
49 42
54 30
64 61
32 31
99 67
63 46
51 46
37 36
109 83
19 16
128 105
83 79
28 24
119 88
160 117
129 128
190 137
49 44
80 73
137 118
118 115
60 48
41 24
35 32
81 80
48 48
24 24
41 29
87 42
68 67
118 53
123 95
64 47
99 80
38 24
114 49
65 62
64 57
159 142
92 86
18 17
313 293
57 51
117 52
82 65
69 45
18 17
49 43
113 100
77 76
113 72
184 160
24 24
29 28
46 37
34 34
50 36
260 151
147 83
36 36
88 65
134 112
284 280
51 36
131 112
91 86
195 147
25 17
98 62
199 34
18 17
288 273
26 19
96 67
30 29
25 21
303 175
90 68
126 122
27 18
21 18
56 38
109 77
124 101
125 88
62 55
116 83
193 184
53 47
43 38
110 89
237 234
40 26
70 41
157 136
36 17
90 60
84 82
87 77
129 104
69 57
37 33
31 21
64 58
122 121
121 101
46 30
110 88
297 236
295 290
76 41
60 56
74 67
91 88
50 48
26 22
27 18
34 33
27 26
40 18
94 70
53 46
96 89
36 35
131 130
58 56
257 149
54 27
298 238
99 75
100 98
99 97
29 28
31 23
140 133
52 37
77 64
103 42
128 118
21 21
14 13
28 19
29 24
36 33
115 84
29 28
52 43
88 83
118 87
51 41
96 78
226 190
87 77
60 49
18 14
107 91
48 44
94 71
162 129
52 36
114 113
161 29
37 35
78 59
81 64
82 66
146 124
43 19
90 88
81 78
300 257
62 47
356 303
98 82
56 51
65 58
74 73
37 24
58 49
85 78
81 81
116 111
49 44
32 22
61 35
90 54
55 39
53 50
39 35
94 89
317 251
29 28
49 43
29 28
420 326
67 67
46 15
188 146
270 219
98 94
21 21
163 129
75 69
72 53
70 67
81 78
134 99
54 51
83 70
124 87
134 92
36 36
72 13
21 17
57 48
27 22
132 130
62 57
235 233
129 121
116 111
44 27
65 62
32 27
83 72
23 22
170 119
38 35
68 58
49 37
158 151
54 51
36 23
23 23
82 64
25 24
52 50
161 112
218 191
14 14
132 89
56 52
44 44
107 103
64 42
44 38
19 16
144 143
94 91
97 91
228 197
355 352
34 27
68 62
42 39
124 105
68 55
124 120
21 20
97 81
173 131
144 136
219 181
63 61
76 73
64 43
277 229
89 62
168 126
15 13
213 171
351 243
371 311
385 248
139 124
35 35
81 66
77 73
53 35
23 19
119 113
81 52
142 112
176 146
54 43
166 146
71 62
42 33
70 37
45 42
64 44
13 13
158 157
122 108
53 41
29 26
64 56
63 32
26 25
93 70
142 140
33 30
40 39
128 90
80 40
45 40
282 237
42 30
89 71
42 38
59 51
134 124
22 20
35 28
66 61
39 28
77 69
32 30
117 117
117 36
80 34
35 25
45 45
107 68
162 114
163 162
33 30
52 52
142 110
47 46
167 164
33 29
52 51
103 98
46 33
71 70
102 83
161 64
20 15
136 105
200 173
47 45
160 108
61 60
99 74
30 30
27 26
209 182
256 180
84 69
148 65
350 314
20 19
24 19
107 93
76 55
84 60
157 145
121 81
45 37
66 56
109 109
68 57
31 26
37 25
283 207
93 79
26 25
52 37
66 28
54 42
67 62
132 114
87 74
61 40
125 105
56 50
84 47
139 121
18 14
21 16
37 34
56 41
56 49
134 76
83 81
53 49
157 78
56 49
48 47
39 28
44 40
120 107
14 11
134 53
94 52
136 135
66 59
26 25
51 45
47 45
33 32
58 58
59 48
23 18
121 100
76 75
33 29
125 117
138 71
140 58
40 27
114 58
43 40
33 30
173 146
44 25
57 43
155 73
59 48
175 143
65 64
39 39
119 64
149 147
139 106
107 99
71 61
364 211
37 36
42 38
101 48
80 45
176 171
22 20
20 20
153 116
113 107
108 81
108 106
201 160
124 94
63 56
106 103
42 35
185 157
91 69
102 101
74 66
173 140
321 306
58 41
40 34
152 115
76 71
110 63
127 114
66 55
107 107
62 57
56 45
46 12
103 93
125 55
112 104
121 110
21 21
29 28
125 104
24 15
185 121
121 66
149 117
26 22
55 52
79 45
81 77
32 28
50 49
49 46
157 116
63 54
70 24
39 38
164 101
9 8
40 37
136 106
40 38
40 36
51 42
39 24
91 78
437 224
61 54
52 35
29 24
100 87
33 32
60 51
100 90
76 76
109 82
50 38
37 24
92 83
14 13
79 73
123 110
109 88
45 40
34 28
68 66
43 35
452 441
87 69
154 123
54 53
118 111
38 23
99 61
55 53
196 141
38 36
79 68
30 30
38 23
117 92
182 158
62 49
150 143
218 160
213 148
197 173
83 57
67 43
78 77
46 33
76 65
131 101
33 29
53 20
20 10
67 56
95 65
71 60
98 89
58 53
55 48
98 76
30 29
69 36
38 36
19 19
39 12
74 61
145 129
34 32
62 59
34 26
68 59
27 27
124 61
50 47
49 42
91 61
54 53
59 26
97 41
38 34
29 28
99 62
62 48
68 66
48 42
55 50
104 59
40 35
20 19
50 50
79 28
93 18
23 22
49 29
44 35
10 7
85 75
74 46
46 37
118 108
60 60
215 188
209 198
67 63
96 23
84 79
119 71
132 104
189 77
55 38
130 55
202 191
78 69
20 14
63 51
69 67
82 78
29 28
76 63
34 30
42 39
130 106
142 95
27 26
50 45
119 59
99 74
169 141
79 69
109 97
70 53
76 71
16 16
53 45
108 61
46 31
60 55
55 54
322 157
28 19
42 33
62 41
368 362
98 86
91 74
162 147
65 62
50 46
125 117
103 82
28 24
18 14
37 28
38 36
157 147
67 60
47 44
14 13
38 29
53 49
59 49
28 25
84 79
138 134
157 112
50 40
27 27
37 30
85 79
243 127
142 120
61 51
167 49
29 22
91 88
116 100
33 31
97 86
55 47
51 49
91 77
209 155
95 75
38 21
202 199
29 25
30 30
50 50
70 68
37 34
107 76
34 28
63 27
34 32
84 72
42 40
78 70
28 26
31 29
165 62
61 48
146 132
58 56
33 22
51 35
169 160
33 26
110 89
442 437
28 25
61 59
79 75
86 69
61 45
37 21
32 28
72 69
14 9
59 59
37 35
74 70
138 125
46 36
47 43
105 77
104 85
83 75
499 436
92 70
48 25
132 130
131 77
100 76
46 39
60 57
136 122
223 186
135 105
166 124
70 64
21 19
67 45
123 103
53 53
59 47
161 127
21 19
150 110
91 74
105 87
197 197
72 67
55 31
57 50
178 119
23 23
52 38
87 74
23 22
105 95
87 66
37 35
20 16
132 131
27 24
192 120
133 99
77 62
55 48
21 17
74 26
31 27
64 34
237 163
121 96
189 129
100 69
17 17
103 102
100 99
38 36
191 142
43 32
86 59
475 372
19 19
76 75
114 111
78 69
125 79
201 179
265 231
64 58
21 20
31 31
190 174
113 94
131 111
88 65
37 30
70 53
32 30
256 214
144 131
160 115
102 97
54 50
130 95
321 256
76 56
59 40
62 59
30 30
41 33
35 28
83 53
59 34
111 104
166 116
111 106
220 178
84 63
148 136
18 16
65 51
104 94
69 54
126 106
65 60
93 81
56 43
35 33
174 106
48 44
34 33
81 61
61 61
117 107
50 42
63 31
88 87
50 43
17 17
45 39
54 52
43 42
50 43
120 102
134 121
138 47
65 59
96 79
165 128
21 20
65 56
21 21
24 24
86 63
30 28
29 27
49 45
78 68
112 56
65 51
38 32
78 67
162 162
44 43
83 66
103 102
189 179
222 214
99 80
127 126
32 30
53 39
152 69
27 25
45 42
181 115
97 80
36 33
32 28
68 50
167 111
175 172
102 53
71 60
25 19
9 9
63 54
168 158
74 65
129 74
15 11
18 14
66 43
227 217
266 248
36 35
92 78
80 64
183 160
35 22
103 85
136 112
207 160
66 52
125 111
58 46
108 107
24 22
36 35
112 45
55 50
31 30
150 42
98 92
217 196
97 84
75 70
75 72
24 20
98 74
368 320
50 46
132 114
58 53
152 110
28 22
56 54
94 76
104 64
71 50
76 69
34 34
45 44
97 63
46 45
396 352
48 47
33 30
87 59
196 180
91 90
61 55
114 77
21 20
81 66
129 98
97 50
30 25
168 167
101 97
96 78
102 91
65 54
95 88
64 58
72 18
30 30
30 29
154 138
105 46
126 95
42 42
72 56
36 35
67 55
54 50
86 65
387 378
161 137
57 55
45 27
55 48
40 36
180 136
105 31
60 59
32 29
118 102
56 43
287 287
62 53
34 31
84 71
58 53
185 125
22 21
26 26
174 139
386 173
25 25
144 108
127 62
43 35
240 208
19 16
31 20
70 44
392 283
78 63
85 80
27 22
144 133
18 18
66 58
45 32
142 116
31 30
35 29
92 76
78 72
59 56
77 52
46 31
55 35
93 78
57 50
109 97
45 43
35 32
48 31
76 74
57 55
68 58
126 100
125 110
82 38
53 46
83 52
121 108
112 28
111 88
80 71
100 96
66 46
99 54
91 82
66 25
120 112
146 120
66 59
40 36
56 54
34 25
125 88
26 25
93 85
121 68
25 22
78 66
49 46
51 39
249 202
67 62
140 100
53 46
70 66
97 74
93 77
195 166
81 77
102 98
169 162
186 183
104 103
21 19
290 262
30 26
148 138
129 123
91 81
98 81
240 76
30 27
60 26
25 25
34 31
67 56
28 19
62 55
104 86
100 88
123 115
90 82
59 34
19 17
48 27
18 17
48 34
38 24
40 27
39 32
96 76
70 65
105 86
57 53
81 81
27 18
72 22
176 131
16 14
48 46
45 41
23 21
29 27
71 70
40 38
25 23
76 67
154 85
222 210
74 67
81 69
28 28
106 79
145 111
208 197
88 56
219 100
52 38
27 25
214 201
163 107
73 33
125 113
108 98
63 29
56 20
42 36
144 129
85 84
118 90
178 170
336 221
93 90
31 26
108 91
14 13
121 69
38 36
43 27
30 28
39 31
33 32
112 78
78 74
23 14
101 88
392 300
137 122
20 16
47 38
96 89
119 101
29 25
39 31
79 74
35 34
58 44
65 58
335 242
59 50
26 22
333 315
229 212
86 62
37 36
33 33
84 82
66 46
61 30
110 51
50 45
230 199
63 51
66 63
88 69
107 76
155 129
150 147
91 58
92 74
231 174
48 47
76 75
93 93
606 450
53 35
22 17
130 100
63 56
79 69
45 45
80 66
130 115
105 89
67 34
227 198
24 18
112 96
79 34
36 34
64 59
40 35
151 45
99 94
52 35
83 78
68 61
62 61
65 56
90 81
32 23
57 50
22 20
42 40
163 150
77 72
37 37
36 35
92 68
34 20
27 17
58 54
158 119
38 29
112 69
27 24
161 118
159 104
110 91
25 19
162 152
72 70
207 149
43 25
172 145
27 18
151 115
133 118
190 175
107 103
59 56
91 58
114 96
74 64
36 28
30 22
36 31
34 29
68 56
103 101
64 42
174 171
88 78
567 318
74 67
55 48
157 140
19 17
131 101
24 24
230 206
38 35
314 286
48 45
94 76
78 43
22 19
18 18
44 36
100 96
176 170
92 64
55 37
31 30
71 66
51 46
49 20
65 64
114 97
108 92
16 14
114 94
77 73
28 13
138 110
76 34
253 252
65 55
125 124
101 100
207 183
100 74
474 457
157 34
233 215
68 56
127 118
68 65
128 107
65 63
46 44
51 49
148 143
107 106
104 91
53 31
22 22
83 77
109 88
85 84
78 62
31 27
31 24
28 26
13 12
54 31
68 63
218 210
27 26
83 47
89 70
55 53
72 72
51 32
272 130
43 43
58 52
68 53
56 50
109 106
144 98
51 49
39 19
144 120
27 23
59 38
27 20
55 36
46 19
40 35
49 38
82 71
106 88
69 63
59 53
87 70
128 67
111 97
105 87
65 50
82 75
42 42
41 40
137 112
12 10
59 49
74 62
53 43
35 33
182 153
18 18
37 29
251 148
266 159
67 47
83 74
71 62
18 18
47 39
410 348
54 48
207 205
277 196
211 114
84 48
38 37
44 43
79 58
125 54
19 18
157 107
389 375
124 111
58 52
22 17
33 33
145 117
29 28
33 29
154 149
50 48
33 23
49 43
86 75
129 116
63 55
30 20
68 65
69 66
63 52
181 101
171 149
334 309
56 42
87 54
56 44
28 27
57 47
181 164
76 64
35 30
53 47
59 43
10 10
114 97
399 246
67 63
162 151
34 27
34 33
36 15
39 34
314 301
91 88
47 38
26 25
133 132
65 39
94 87
252 228
64 23
91 86
65 52
37 28
106 89
126 82
69 66
158 92
43 33
113 91
51 45
35 32
36 31
100 86
184 147
139 111
197 158
45 41
335 226
81 77
29 28
67 66
47 44
76 34
28 28
18 12
156 151
82 66
25 24
82 73
292 134
78 66
83 82
46 39
73 35
40 33
56 51
133 118
49 45
137 93
89 84
39 28
184 171
13 11
54 39
76 71
50 46
47 43
47 44
24 16
113 84
48 42
93 76
98 94
19 18
25 18
106 103
27 18
38 36
90 65
93 86
77 63
281 115
48 44
46 46
90 77
64 62
74 60
114 89
71 50
66 55
113 76
202 201
21 20
115 110
85 74
43 32
109 80
91 60
65 57
70 61
26 26
80 67
106 98
72 52
84 77
69 63
73 67
348 344
28 27
116 101
26 24
38 30
54 51
107 87
132 96
69 58
151 142
71 63
77 35
25 24
65 56
96 80
151 92
95 94
55 51
138 123
39 26
16 13
64 63
23 20
41 30
94 89
49 21
104 98
68 43
129 108
20 20
90 74
52 40
35 34
36 32
48 47
64 58
486 388
24 17
256 180
41 35
60 48
78 53
134 116
45 26
91 79
47 35
71 49
141 118
82 51
130 80
23 22
20 18
14 13
32 28
119 107
398 366
37 34
73 57
107 86
71 56
39 38
88 82
77 71
126 68
43 41
23 21
149 111
40 33
49 46
87 44
92 83
25 24
211 113
41 39
21 18
94 74
53 44
118 96
79 76
139 127
94 77
80 77
140 129
30 18
83 40
44 43
51 45
158 77
108 86
21 19
17 16
94 85
156 117
53 39
60 59
167 136
104 87
78 69
61 57
23 20
208 75
195 181
31 30
34 28
224 200
75 60
79 64
42 39
61 36
41 28
171 139
30 30
51 32
73 44
70 61
158 131
51 40
85 84
50 48
24 20
68 66
71 69
304 204
214 102
25 21
106 83
38 36
125 103
96 84
44 14
86 70
40 28
100 98
90 90
79 39
418 359
55 54
154 104
121 107
47 39
56 44
91 74
60 59
33 31
46 42
59 55
60 30
486 469
99 96
40 37
318 315
156 151
25 21
48 28
75 67
94 78
97 79
23 22
99 53
122 97
136 88
237 202
341 306
54 47
218 213
86 81
41 30
99 79
35 28
58 32
110 90
147 87
77 67
63 53
31 24
32 31
234 199
172 135
79 44
66 61
17 16
30 27
152 144
280 259
42 41
168 96
95 88
60 60
77 55
19 19
92 61
89 36
105 84
79 69
151 137
20 19
208 148
29 29
89 44
39 26
85 64
37 25
48 34
102 101
236 173
106 92
85 54
54 53
21 19
53 36
108 81
84 51
68 64
26 21
68 16
71 59
94 44
152 86
118 99
58 32
223 153
148 104
33 24
101 80
56 50
25 24
45 24
31 24
53 38
126 118
341 276
25 23
69 55
137 104
95 71
17 14
176 144
49 34
92 34
74 72
82 72
32 15
158 106
109 76
110 45
159 86
81 52
24 23
184 136
73 62
65 37
59 59
30 27
49 48
191 136
121 120
81 77
51 51
35 32
204 105
68 66
74 62
115 101
17 8
83 79
26 24
76 68
110 76
92 89
160 129
14 14
27 19
100 78
84 61
297 180
101 69
92 75
92 75
87 73
83 74
31 31
210 155
43 42
55 47
142 117
137 117
46 36
21 19
48 46
382 305
41 40
52 30
119 100
57 50
40 34
109 83
259 252
58 49
267 244
170 147
62 60
208 190
135 101
224 168
221 186
189 126
76 75
65 56
81 70
46 39
53 52
35 34
120 65
125 113
177 124
41 35
65 64
60 40
101 71
109 57
71 39
130 117
341 280
81 72
191 111
44 39
58 33
42 36
45 34
18 18
55 54
63 52
127 105
42 39
186 161
83 76
167 146
83 74
107 104
90 45
38 24
207 198
503 381
168 140
243 234
64 40
46 43
22 21
91 62
68 49
360 326
109 109
27 22
55 45
24 23
58 56
51 46
61 61
205 202
49 47
37 33
92 91
22 19
165 157
89 80
73 62
152 110
76 72
36 33
128 127
192 163
112 57
179 159
19 17
414 299
47 24
105 66
132 108
90 88
37 30
75 64
16 11
195 151
39 31
64 54
28 26
224 178
15 15
100 92
108 88
121 45
18 14
109 90
117 112
119 104
94 89
327 262
166 126
18 18
67 60
48 42
163 133
69 65
103 92
36 21
42 25
57 55
201 176
511 227
41 39
348 305
63 59
27 27
79 76
59 46
186 141
56 50
145 144
67 65
197 188
114 110
20 17
24 19
198 139
31 23
46 44
100 88
42 30
38 25
59 44
145 90
37 26
36 33
143 126
57 56
102 94
60 45
38 32
96 81
44 33
71 64
58 56
237 195
241 239
78 70
74 34
76 72
192 110
43 27
142 79
149 122
53 40
52 41
132 119
61 52
199 113
36 35
76 73
48 32
119 101
160 116
28 25
130 129
87 73
65 40
40 23
44 17
154 121
34 29
146 121
43 41
101 86
124 81
98 81
12 11
119 23
167 102
54 52
318 316
122 106
89 68
157 135
31 18
83 64
127 89
162 82
27 19
46 31
49 47
74 71
54 52
90 66
269 267
23 18
72 60
57 53
77 58
85 76
73 72
328 267
29 29
158 127
85 81
67 58
39 27
169 144
165 134
150 120
92 55
34 27
114 105
258 190
88 37
68 60
77 62
116 72
175 132
136 99
58 38
165 158
47 40
72 59
79 64
82 75
49 41
47 42
55 52
28 26
49 47
196 93
30 28
129 34
136 106
18 15
44 44
26 25
79 47
64 36
40 30
226 151
86 72
92 68
264 215
31 21
53 44
29 24
213 206
185 182
88 74
161 115
111 77
334 227
234 229
137 129
215 190
140 89
167 133
71 57
40 37
21 19
39 34
89 84
267 266
74 53
97 69
58 39
23 20
125 120
54 53
52 43
41 41
82 54
104 93
30 29
92 66
25 24
16 15
31 12
46 46
307 256
59 24
49 45
84 80
86 77
58 56
137 119
129 117
18 18
43 40
134 59
74 21
111 101
76 40
78 72
14 14
118 116
34 27
107 99
37 27
145 127
119 82
35 34
156 146
39 39
133 104
52 36
72 68
190 47
41 39
215 172
71 41
150 133
226 215
727 345
403 395
78 66
110 100
29 20
38 32
27 25
82 71
39 23
53 46
53 47
213 154
26 18
54 41
108 95
43 39
48 35
88 47
64 44
119 116
36 23
249 216
31 27
121 107
35 26
86 81
74 59
63 52
174 128
17 17
280 209
57 46
310 249
144 88
76 74
92 92
119 110
36 25
77 66
94 92
40 37
45 17
297 211
147 138
47 42
48 36
43 34
211 194
76 60
108 101
265 186
126 107
79 60
61 58
71 57
27 21
90 66
125 125
793 594
39 29
57 44
81 71
76 60
117 107
17 15
246 157
240 222
66 66
37 19
92 78
26 25
56 49
65 47
71 70
41 17
24 21
23 17
19 18
72 63
57 52
9 8
39 36
34 32
194 131
33 33
155 144
61 55
57 50
25 17
86 86
74 62
50 30
133 116
45 43
28 16
28 28
60 51
59 37
141 114
113 87
12 11
374 365
76 62
46 45
85 83
173 168
68 59
35 34
52 45
106 55
46 44
109 92
36 23
52 44
30 22
59 54
73 50
41 35
150 143
20 19
206 132
146 129
139 136
86 78
47 29
20 19
102 77
229 44
27 24
21 21
96 83
208 172
86 67
104 73
59 57
28 18
26 24
64 58
45 45
111 66
48 44
100 82
21 20
94 89
50 31
311 254
24 22
50 18
113 86
176 89
59 35
82 60
40 31
99 95
65 53
75 63
88 72
401 303
49 35
48 44
29 28
41 40
321 319
110 103
113 107
240 160
19 12
30 28
23 20
20 16
27 26
61 43
77 68
81 64
23 14
80 67
44 43
58 57
89 69
47 43
88 82
54 46
39 35
103 86
320 285
58 37
10 9
86 71
172 146
57 40
154 119
278 210
81 80
56 49
35 33
49 35
49 46
31 29
107 81
44 33
190 178
396 300
32 21
19 16
74 71
42 36
27 26
94 87
87 86
44 28
124 113
72 58
38 34
53 34
48 40
27 24
77 57
82 43
115 114
12 9
97 73
27 26
72 68
240 239
228 198
91 80
46 42
119 87
100 86
90 56
62 60
115 91
51 35
170 113
29 20
60 46
24 23
34 28
55 38
45 26
30 28
88 74
51 44
113 69
21 21
35 24
118 66
98 89
73 72
82 64
42 27
93 91
44 40
58 51
136 123
93 86
113 82
52 23
63 63
63 62
45 43
73 70
183 162
120 119
115 81
42 32
39 26
61 52
97 96
55 45
51 24
36 36
33 32
187 179
95 95
52 52
66 55
200 185
454 443
33 23
48 46
37 30
58 48
70 63
68 35
36 27
185 164
114 96
179 150
51 51
167 136
122 114
134 120
145 115
74 60
53 51
87 77
21 21
130 79
105 97
29 27
271 200
31 26
135 121
114 112
56 54
28 18
138 113
19 18
80 59
116 97
45 45
58 56
